300[&
	
	
	height=4.000000152719202,
	height_median=4.0,
	height_range={3.999993000000001,4.000007},
	height_95%_HPD={3.9999959999999986,4.000004999999999},


	length_range={0.005533999999999,0.217097},

	AC1_R=0.0,

	AC2_R=0.05065987081512693,
	AC2_R_median=0.03802799999999973,
	AC2_R_range={0.00553399999999904,0.21709699999999987},
	AC2_R_95%_HPD={0.00553399999999904,0.14222599999999996},

	AC3_R=0.0,

	AC4_R=1.245549797016491E-4,
	AC4_R_median=0.0,
	AC4_R_range={0.0,0.11222403671118585},
	AC4_R_95%_HPD={0.0,0.0},

	AC5_R=0.0,

	AC6_R=4.085725822688825E-5,
	AC6_R_median=0.0,
	AC6_R_range={0.0,0.03681238966242631},	
	AC6_R_95%_HPD={0.0,0.0},

	AC7_R=0.0,

	AC8_R=0.0,

	AC9_R=1.5586429667005454E-4,
	AC9_R_median=0.0,
	AC9_R_range={0.0,0.14043373129971914},
	AC9_R_95%_HPD={0.0,0.0},

	AC10_R=0.0,

	AC11_R=4.331085927700551E-5,
	AC11_R_median=0.0,
	AC11_R_range={0.0,0.039023084208581964},
	AC11_R_95%_HPD={0.0,0.0},

	AC12_R=8.610405543836144E-6,
	AC12_R_median=0.0,
	AC12_R_range={0.0,0.007757975394996365},
	AC12_R_95%_HPD={0.0,0.0},

	AC13_R=1.5195489151938015E-4
	AC13_R_median=0.0,
	AC13_R_range={0.0,0.06265139607698225},	
	AC13_R_95%_HPD={0.0,0.0},
	
	AC14_R=0.0,
	
	length=0.05109639955604884,
	



	length_95%_HPD={0.005533999999999,0.147539},







	length_median=0.038699,



	
]:0.03870000000000218,