#GEO
0 25
38 -97
23.5 121
35 105
60 100
-27 133
20 77
36 138
23 -102
-10 -55
60 -95
51 9
1.37 103.8
37 127.5

#STATES
300 0.0000 0.9897 0.0000 0.0024 0.0000 0.0008 0.0000 0.0000 0.0030 0.0000 0.0008 0.0002 0.0030 0.0000
304 0.0000 0.9866 0.0000 0.0022 0.0000 0.0012 0.0000 0.0000 0.0031 0.0000 0.0002 0.0030 0.0036 0.0000
820 0.0000 0.8625 0.0003 0.0062 0.0006 0.0020 0.0038 0.0110 0.0405 0.0025 0.0022 0.0209 0.0474 0.0000
372 0.0000 0.3204 0.0005 0.0225 0.0023 0.0045 0.0020 0.5086 0.0314 0.0006 0.0064 0.0210 0.0774 0.0024
821 0.0000 0.7158 0.0032 0.0013 0.0000 0.0000 0.0000 0.0528 0.1086 0.0000 0.0000 0.0225 0.0958 0.0000
438 0.0014 0.3617 0.0002 0.0050 0.0013 0.0019 0.0009 0.0080 0.5482 0.0050 0.0086 0.0196 0.0382 0.0000
822 0.0000 0.6511 0.0030 0.0432 0.0013 0.0099 0.0000 0.0427 0.0825 0.0015 0.0026 0.0171 0.1452 0.0000
697 0.0090 0.3310 0.0000 0.0060 0.0029 0.0109 0.0022 0.0032 0.0389 0.5283 0.0118 0.0307 0.0237 0.0013
40 0.0023 0.7825 0.0004 0.0206 0.0038 0.0037 0.0038 0.0043 0.0515 0.0042 0.0088 0.0223 0.0886 0.0032
823 0.0000 0.6407 0.0000 0.0000 0.0000 0.0000 0.0000 0.0000 0.3593 0.0000 0.0000 0.0000 0.0000 0.0000
445 0.0002 0.1457 0.0000 0.0081 0.0003 0.0024 0.0031 0.0031 0.7336 0.0068 0.0096 0.0285 0.0563 0.0020
824 0.0000 0.0000 0.0000 0.0000 0.0000 0.0000 0.0000 0.0000 1.0000 0.0000 0.0000 0.0000 0.0000 0.0000
444 0.0002 0.1719 0.0016 0.0095 0.0016 0.0026 0.0005 0.0012 0.6944 0.0115 0.0165 0.0345 0.0530 0.0011
819 0.0002 0.1980 0.0003 0.0114 0.0022 0.0023 0.0033 0.0013 0.6550 0.0109 0.0147 0.0331 0.0646 0.0027
825 0.0000 0.0282 0.0000 0.0000 0.0000 0.0000 0.0000 0.0000 0.7991 0.0000 0.0000 0.0156 0.1570 0.0000
826 0.0000 0.0000 0.0000 0.0000 0.0000 0.0000 0.0000 0.0000 1.0000 0.0000 0.0000 0.0000 0.0000 0.0000
439 0.0008 0.1481 0.0002 0.0136 0.0033 0.0033 0.0047 0.0010 0.7086 0.0161 0.0104 0.0345 0.0547 0.0007
827 0.0000 0.0000 0.0000 0.0000 0.0000 0.0000 0.0000 0.0000 1.0000 0.0000 0.0000 0.0000 0.0000 0.0000
828 0.0000 0.0404 0.0000 0.0000 0.0000 0.0000 0.0000 0.0000 0.6386 0.0000 0.0000 0.0000 0.3210 0.0000
131 0.0011 0.1863 0.0027 0.0575 0.0091 0.0009 0.0025 0.0251 0.0230 0.0018 0.0038 0.0081 0.1746 0.5035
597 0.0024 0.1790 0.0000 0.0245 0.0041 0.0033 0.0057 0.0128 0.0351 0.0008 0.0048 0.0360 0.6891 0.0023
212 0.0023 0.2057 0.0000 0.0245 0.2539 0.0008 0.0115 0.0085 0.0513 0.0069 0.0084 0.3051 0.1192 0.0019
829 0.0000 0.2393 0.0000 0.0000 0.0191 0.0000 0.0000 0.0307 0.0118 0.0000 0.0000 0.1013 0.5978 0.0000
283 0.0026 0.1804 0.0035 0.3386 0.0127 0.0056 0.0070 0.0150 0.0355 0.0033 0.0094 0.0354 0.3457 0.0053
277 0.0019 0.1654 0.0049 0.2983 0.0120 0.0084 0.0045 0.0111 0.0352 0.0003 0.0124 0.0357 0.4053 0.0047
830 0.0000 0.1229 0.0000 0.4378 0.0000 0.0000 0.0000 0.0000 0.0650 0.0000 0.0141 0.0077 0.3526 0.0000
831 0.0000 0.0000 0.0000 0.0000 0.0000 0.0000 0.0000 0.0000 0.0000 0.0000 0.0000 0.0000 1.0000 0.0000
832 0.0000 0.0000 0.0000 0.0000 0.0000 0.0000 0.0000 0.0000 0.0000 0.0000 0.0000 0.0000 1.0000 0.0000
443 0.0005 0.2106 0.0000 0.0046 0.0032 0.0006 0.0033 0.0081 0.6444 0.0091 0.0097 0.0307 0.0745 0.0006
694 0.0058 0.2092 0.0015 0.0451 0.3224 0.0031 0.0150 0.0154 0.0278 0.0122 0.0160 0.2041 0.1205 0.0018
833 0.0000 0.5584 0.0000 0.0000 0.0128 0.0000 0.0000 0.0000 0.1077 0.0216 0.0000 0.0560 0.2434 0.0000
834 0.0000 0.0000 0.0000 0.0000 0.0000 0.0000 0.0000 0.0000 0.0000 0.0000 0.0000 0.0000 1.0000 0.0000
728 0.0000 0.9511 0.0000 0.0096 0.0017 0.0008 0.0006 0.0011 0.0021 0.0020 0.0088 0.0098 0.0124 0.0000
61 0.0021 0.2892 0.0002 0.0856 0.0020 0.0147 0.0054 0.0012 0.0056 0.5032 0.0228 0.0463 0.0214 0.0003
292 0.0002 0.2801 0.0000 0.6101 0.0021 0.0074 0.0074 0.0058 0.0011 0.0158 0.0192 0.0285 0.0221 0.0000
835 0.0014 0.6726 0.0000 0.1755 0.0048 0.0138 0.0036 0.0067 0.0064 0.0240 0.0258 0.0337 0.0313 0.0003
836 0.0000 0.9356 0.0000 0.0176 0.0000 0.0000 0.0016 0.0023 0.0059 0.0021 0.0097 0.0085 0.0165 0.0001
447 0.0007 0.9593 0.0002 0.0090 0.0002 0.0002 0.0000 0.0001 0.0041 0.0017 0.0020 0.0071 0.0152 0.0000
837 0.0011 0.7970 0.0003 0.0263 0.0006 0.0024 0.0033 0.0062 0.0412 0.0021 0.0036 0.0207 0.0946 0.0007
66 0.0031 0.8534 0.0000 0.0114 0.0013 0.0045 0.0057 0.0061 0.0257 0.0173 0.0056 0.0190 0.0464 0.0006
284 0.0033 0.1741 0.0031 0.3205 0.0080 0.0083 0.0094 0.0096 0.0597 0.0020 0.0135 0.0367 0.3479 0.0040
838 0.0000 0.8719 0.0000 0.0000 0.0000 0.0000 0.0000 0.0000 0.0938 0.0000 0.0000 0.0000 0.0343 0.0000
839 0.0000 0.1539 0.0000 0.0000 0.0000 0.0000 0.0000 0.0000 0.0385 0.0000 0.0000 0.0000 0.8077 0.0000
725 0.0034 0.6848 0.0006 0.0990 0.0076 0.0158 0.0105 0.0087 0.0061 0.0039 0.0103 0.0287 0.1178 0.0030
281 0.0027 0.1958 0.0044 0.3595 0.0049 0.0077 0.0094 0.0155 0.0125 0.0007 0.0061 0.0184 0.3614 0.0011
840 0.0017 0.3917 0.0013 0.1940 0.0057 0.0103 0.0043 0.0103 0.0327 0.0013 0.0043 0.0353 0.2980 0.0091
280 0.0026 0.1664 0.0033 0.3163 0.0092 0.0062 0.0062 0.0164 0.0357 0.0009 0.0117 0.0286 0.3922 0.0042
841 0.0000 0.1509 0.0000 0.1211 0.0523 0.0426 0.0000 0.0000 0.1003 0.0000 0.0510 0.0274 0.4544 0.0000
842 0.0000 0.0000 0.0000 0.0000 0.0000 0.0000 0.0000 0.0000 0.0000 0.0000 0.0000 0.0000 1.0000 0.0000
843 0.0000 0.0080 0.0000 0.0000 0.0000 0.0000 0.0000 0.0000 0.0000 0.0000 0.0000 0.0000 0.9920 0.0000
322 0.0000 0.2233 0.0020 0.0210 0.0017 0.0025 0.0054 0.5513 0.0170 0.0021 0.0055 0.0187 0.1477 0.0019
844 0.0000 0.1478 0.0000 0.0000 0.0000 0.0000 0.0000 0.0000 0.1872 0.0000 0.0000 0.0000 0.6650 0.0000
845 0.0000 0.2284 0.0000 0.0408 0.0000 0.0000 0.0143 0.0104 0.1710 0.0000 0.0000 0.1210 0.4141 0.0000
810 0.0023 0.0255 0.0000 0.0002 0.0003 0.0017 0.0038 0.0000 0.0032 0.9535 0.0013 0.0061 0.0022 0.0000
811 0.0004 0.0235 0.0000 0.0000 0.0000 0.0007 0.0010 0.0000 0.0041 0.9594 0.0003 0.0074 0.0033 0.0000
846 0.0025 0.0941 0.0004 0.0012 0.0000 0.0047 0.0054 0.0001 0.0264 0.8054 0.0013 0.0312 0.0265 0.0009
806 0.0029 0.0562 0.0003 0.0019 0.0002 0.0039 0.0008 0.0009 0.0346 0.8541 0.0057 0.0188 0.0196 0.0000
847 0.0011 0.2415 0.0005 0.0060 0.0000 0.0068 0.0017 0.0056 0.0869 0.4807 0.0119 0.0445 0.1108 0.0020
848 0.0000 0.2805 0.0039 0.4370 0.0056 0.0126 0.0038 0.0138 0.0231 0.0011 0.0123 0.0311 0.1631 0.0120
303 0.0005 0.9010 0.0000 0.0494 0.0016 0.0055 0.0014 0.0015 0.0007 0.0007 0.0010 0.0047 0.0312 0.0008
38 0.0000 0.7676 0.0017 0.0944 0.0016 0.0072 0.0064 0.0051 0.0013 0.0032 0.0052 0.0065 0.0844 0.0155
849 0.0000 1.0000 0.0000 0.0000 0.0000 0.0000 0.0000 0.0000 0.0000 0.0000 0.0000 0.0000 0.0000 0.0000
178 0.0005 0.0011 0.0000 0.0013 0.0000 0.0004 0.0000 0.0000 0.0000 0.9960 0.0000 0.0007 0.0000 0.0000
175 0.0001 0.0012 0.0000 0.0000 0.0000 0.0000 0.0014 0.0000 0.0015 0.9918 0.0000 0.0016 0.0002 0.0021
850 0.0048 0.0064 0.0000 0.0000 0.0000 0.0000 0.0009 0.0000 0.0013 0.9767 0.0039 0.0059 0.0000 0.0000
173 0.0044 0.0181 0.0000 0.0091 0.0009 0.0020 0.0025 0.0000 0.0025 0.9436 0.0067 0.0051 0.0048 0.0002
851 0.0000 0.0330 0.0000 0.0052 0.0000 0.0099 0.0000 0.0000 0.0048 0.8767 0.0122 0.0329 0.0253 0.0000
174 0.0020 0.0057 0.0000 0.0012 0.0000 0.0018 0.0002 0.0000 0.0011 0.9812 0.0013 0.0049 0.0006 0.0000
852 0.0122 0.2313 0.0030 0.0799 0.0014 0.0302 0.0109 0.0002 0.0058 0.4757 0.0171 0.0357 0.0751 0.0216
853 0.0000 1.0000 0.0000 0.0000 0.0000 0.0000 0.0000 0.0000 0.0000 0.0000 0.0000 0.0000 0.0000 0.0000
155 0.0008 0.7952 0.0002 0.0816 0.0012 0.0136 0.0086 0.0034 0.0006 0.0020 0.0025 0.0120 0.0660 0.0123
854 0.0000 0.6629 0.0000 0.3371 0.0000 0.0000 0.0000 0.0000 0.0000 0.0000 0.0000 0.0000 0.0000 0.0000
302 0.0000 0.8952 0.0000 0.0458 0.0011 0.0079 0.0002 0.0000 0.0000 0.0012 0.0030 0.0071 0.0289 0.0097
384 0.0004 0.0921 0.0018 0.4775 0.0000 0.0042 0.0036 0.0000 0.0015 0.0000 0.0012 0.0031 0.2889 0.1257
777 1.0000 0.0000 0.0000 0.0000 0.0000 0.0000 0.0000 0.0000 0.0000 0.0000 0.0000 0.0000 0.0000 0.0000
768 0.9989 0.0000 0.0000 0.0000 0.0000 0.0000 0.0011 0.0000 0.0000 0.0000 0.0000 0.0000 0.0000 0.0000
855 0.9991 0.0000 0.0000 0.0000 0.0000 0.0000 0.0000 0.0000 0.0000 0.0000 0.0000 0.0009 0.0000 0.0000
758 0.9991 0.0000 0.0000 0.0000 0.0000 0.0000 0.0000 0.0000 0.0000 0.0000 0.0000 0.0008 0.0000 0.0000
856 0.9996 0.0000 0.0000 0.0000 0.0000 0.0000 0.0002 0.0000 0.0000 0.0000 0.0000 0.0000 0.0002 0.0000
769 0.9983 0.0002 0.0000 0.0000 0.0000 0.0000 0.0000 0.0000 0.0000 0.0000 0.0000 0.0015 0.0000 0.0000
762 0.9983 0.0017 0.0000 0.0000 0.0000 0.0000 0.0000 0.0000 0.0000 0.0000 0.0000 0.0000 0.0000 0.0000
857 1.0000 0.0000 0.0000 0.0000 0.0000 0.0000 0.0000 0.0000 0.0000 0.0000 0.0000 0.0000 0.0000 0.0000
765 0.9995 0.0005 0.0000 0.0000 0.0000 0.0000 0.0000 0.0000 0.0000 0.0000 0.0000 0.0000 0.0000 0.0000
858 1.0000 0.0000 0.0000 0.0000 0.0000 0.0000 0.0000 0.0000 0.0000 0.0000 0.0000 0.0000 0.0000 0.0000
767 1.0000 0.0000 0.0000 0.0000 0.0000 0.0000 0.0000 0.0000 0.0000 0.0000 0.0000 0.0000 0.0000 0.0000
859 0.9878 0.0006 0.0000 0.0000 0.0000 0.0000 0.0057 0.0000 0.0000 0.0000 0.0000 0.0020 0.0039 0.0000
860 0.9625 0.0119 0.0000 0.0000 0.0000 0.0075 0.0000 0.0000 0.0000 0.0000 0.0000 0.0097 0.0084 0.0000
760 0.9954 0.0023 0.0000 0.0000 0.0000 0.0019 0.0000 0.0000 0.0000 0.0000 0.0000 0.0001 0.0002 0.0000
861 0.4613 0.1678 0.0003 0.0721 0.0124 0.0352 0.0495 0.0044 0.0028 0.0117 0.0046 0.0492 0.1091 0.0197
862 0.0208 0.1563 0.0000 0.2143 0.0000 0.0395 0.0071 0.0000 0.0184 0.0000 0.0000 0.0079 0.4524 0.0833
863 0.0000 0.2857 0.0000 0.2857 0.0000 0.0000 0.0000 0.0000 0.0000 0.0000 0.0000 0.0000 0.1429 0.2857
179 0.0098 0.1829 0.0012 0.0890 0.0080 0.0413 0.0134 0.0112 0.0194 0.4921 0.0210 0.0296 0.0588 0.0221
190 0.0000 0.0000 0.0000 0.0000 0.0000 0.0000 0.0000 0.0000 0.0000 0.0000 0.0000 0.0000 0.0006 0.9994
126 0.0000 0.0000 0.0000 0.0000 0.0000 0.0000 0.0000 0.0000 0.0000 0.0000 0.0000 0.0000 0.0020 0.9980
864 0.0006 0.0620 0.0018 0.2531 0.0041 0.0018 0.0010 0.0134 0.0002 0.0003 0.0003 0.0017 0.0882 0.5715
865 0.0000 0.2823 0.0092 0.0619 0.0000 0.0000 0.0000 0.0000 0.0000 0.0000 0.0000 0.0000 0.2375 0.4091
552 0.0005 0.0945 0.0007 0.1765 0.0026 0.0061 0.0005 0.0072 0.0003 0.0002 0.0000 0.0054 0.0986 0.6070
866 0.0000 0.0954 0.0000 0.3510 0.0000 0.0000 0.0000 0.0000 0.0000 0.0000 0.0000 0.0000 0.0721 0.4815
867 0.0000 0.3508 0.0000 0.3874 0.0000 0.0000 0.0000 0.0000 0.0000 0.0000 0.0000 0.0000 0.1926 0.0691
868 0.0000 0.2634 0.0000 0.7366 0.0000 0.0000 0.0000 0.0000 0.0000 0.0000 0.0000 0.0000 0.0000 0.0000
314 0.0000 0.0090 0.0000 0.9590 0.0000 0.0011 0.0003 0.0022 0.0000 0.0000 0.0000 0.0021 0.0239 0.0024
103 0.0142 0.1484 0.0024 0.1643 0.0168 0.0310 0.4329 0.0204 0.0034 0.0063 0.0139 0.0277 0.0988 0.0195
869 0.0000 0.0000 0.0000 0.9066 0.0000 0.0000 0.0000 0.0000 0.0000 0.0000 0.0000 0.0000 0.0934 0.0000
870 0.0000 0.0000 0.0000 1.0000 0.0000 0.0000 0.0000 0.0000 0.0000 0.0000 0.0000 0.0000 0.0000 0.0000
319 0.0162 0.0362 0.0000 0.0194 0.2235 0.3313 0.0742 0.0066 0.0015 0.0071 0.0072 0.2313 0.0455 0.0002
615 0.0000 0.0018 0.0000 0.0010 0.0000 0.9882 0.0038 0.0000 0.0000 0.0021 0.0000 0.0007 0.0023 0.0000
871 0.0000 0.0000 0.0000 0.0000 0.0000 0.9973 0.0027 0.0000 0.0000 0.0000 0.0000 0.0000 0.0000 0.0000
209 0.0106 0.0180 0.0000 0.0145 0.0108 0.3575 0.5119 0.0054 0.0007 0.0005 0.0060 0.0298 0.0344 0.0000
539 0.0004 0.0009 0.0000 0.0025 0.0000 0.9894 0.0036 0.0000 0.0000 0.0000 0.0000 0.0017 0.0014 0.0000
872 0.0000 0.0000 0.0000 0.0000 0.0000 0.9698 0.0238 0.0000 0.0000 0.0000 0.0000 0.0000 0.0064 0.0000
873 0.0066 0.0675 0.0001 0.0385 0.0033 0.7923 0.0278 0.0072 0.0001 0.0010 0.0067 0.0074 0.0409 0.0006
708 0.0000 0.9896 0.0000 0.0019 0.0017 0.0006 0.0004 0.0007 0.0007 0.0006 0.0003 0.0025 0.0010 0.0000
523 0.0003 0.9779 0.0000 0.0004 0.0000 0.0033 0.0004 0.0001 0.0029 0.0033 0.0039 0.0065 0.0010 0.0000
68 0.0000 0.9945 0.0000 0.0000 0.0000 0.0016 0.0003 0.0000 0.0018 0.0000 0.0008 0.0000 0.0011 0.0000
874 0.0000 0.9912 0.0000 0.0000 0.0000 0.0000 0.0000 0.0000 0.0000 0.0000 0.0088 0.0000 0.0000 0.0000
875 0.0035 0.9025 0.0000 0.0099 0.0000 0.0380 0.0023 0.0001 0.0068 0.0052 0.0035 0.0084 0.0200 0.0000
201 0.0144 0.1807 0.0000 0.0076 0.0019 0.0231 0.0055 0.0130 0.0143 0.5672 0.0095 0.0309 0.1319 0.0001
802 0.0017 0.0477 0.0000 0.0002 0.0017 0.0099 0.0017 0.0000 0.0031 0.8917 0.0086 0.0206 0.0130 0.0000
876 0.0134 0.2418 0.0022 0.0048 0.0049 0.0080 0.0008 0.0066 0.0088 0.5186 0.0096 0.0408 0.1356 0.0041
421 0.0016 0.2707 0.0014 0.0123 0.0014 0.0154 0.0040 0.0098 0.0108 0.0154 0.0071 0.0160 0.6332 0.0009
877 0.0048 0.5812 0.0015 0.0052 0.0010 0.0460 0.0165 0.0061 0.0103 0.0363 0.0109 0.0227 0.2546 0.0031
878 0.0000 0.8509 0.0000 0.0016 0.0000 0.0839 0.0047 0.0000 0.0014 0.0044 0.0008 0.0010 0.0513 0.0000
696 0.0000 0.0271 0.0000 0.0006 0.0000 0.0009 0.0002 0.0001 0.0042 0.9620 0.0005 0.0037 0.0006 0.0000
54 0.0008 0.0356 0.0000 0.0000 0.0000 0.0015 0.0003 0.0000 0.0021 0.9558 0.0007 0.0031 0.0000 0.0000
879 0.0034 0.4507 0.0000 0.0009 0.0009 0.0070 0.0042 0.0005 0.0132 0.4942 0.0076 0.0148 0.0022 0.0005
514 0.0008 0.9819 0.0000 0.0021 0.0000 0.0008 0.0008 0.0007 0.0030 0.0038 0.0014 0.0008 0.0040 0.0000
880 0.0000 0.9603 0.0000 0.0000 0.0082 0.0057 0.0026 0.0079 0.0000 0.0128 0.0000 0.0007 0.0019 0.0000
63 0.0000 0.9972 0.0000 0.0002 0.0000 0.0000 0.0000 0.0000 0.0002 0.0005 0.0000 0.0018 0.0000 0.0000
881 0.0000 0.9916 0.0000 0.0000 0.0000 0.0000 0.0000 0.0000 0.0078 0.0006 0.0000 0.0000 0.0000 0.0000
675 0.0000 0.9919 0.0000 0.0002 0.0000 0.0024 0.0000 0.0000 0.0009 0.0000 0.0002 0.0030 0.0014 0.0000
250 0.0000 0.9997 0.0000 0.0000 0.0000 0.0000 0.0000 0.0000 0.0000 0.0003 0.0000 0.0000 0.0000 0.0000
249 0.0000 0.9955 0.0000 0.0000 0.0000 0.0000 0.0000 0.0000 0.0000 0.0000 0.0000 0.0000 0.0035 0.0010
882 0.0007 0.9868 0.0000 0.0006 0.0003 0.0000 0.0015 0.0002 0.0014 0.0010 0.0009 0.0053 0.0012 0.0000
883 0.0000 1.0000 0.0000 0.0000 0.0000 0.0000 0.0000 0.0000 0.0000 0.0000 0.0000 0.0000 0.0000 0.0000
884 0.0000 0.9830 0.0000 0.0000 0.0000 0.0000 0.0000 0.0000 0.0075 0.0072 0.0023 0.0000 0.0000 0.0000
674 0.0000 0.9936 0.0000 0.0000 0.0000 0.0000 0.0000 0.0000 0.0022 0.0000 0.0000 0.0015 0.0027 0.0000
498 0.0000 0.9948 0.0000 0.0008 0.0000 0.0008 0.0000 0.0000 0.0012 0.0003 0.0018 0.0002 0.0000 0.0000
185 0.0003 0.9967 0.0000 0.0000 0.0000 0.0000 0.0002 0.0000 0.0008 0.0000 0.0000 0.0008 0.0012 0.0000
885 0.0000 0.9971 0.0000 0.0000 0.0007 0.0000 0.0000 0.0003 0.0013 0.0000 0.0000 0.0006 0.0000 0.0000
441 0.0013 0.4445 0.0000 0.0014 0.0008 0.0018 0.0004 0.0066 0.5103 0.0077 0.0065 0.0149 0.0036 0.0003
529 0.0000 0.3649 0.0002 0.0140 0.0041 0.0079 0.0039 0.4990 0.0134 0.0007 0.0079 0.0142 0.0685 0.0012
886 0.0000 0.9049 0.0000 0.0041 0.0000 0.0002 0.0000 0.0302 0.0423 0.0000 0.0036 0.0091 0.0056 0.0000
887 0.0000 0.9979 0.0000 0.0000 0.0000 0.0000 0.0000 0.0000 0.0000 0.0000 0.0021 0.0000 0.0000 0.0000
888 0.0000 0.9934 0.0000 0.0014 0.0000 0.0000 0.0010 0.0025 0.0014 0.0000 0.0004 0.0000 0.0000 0.0000
673 0.0000 0.9865 0.0000 0.0017 0.0000 0.0012 0.0000 0.0011 0.0020 0.0000 0.0034 0.0029 0.0012 0.0000
889 0.0000 0.9906 0.0000 0.0000 0.0000 0.0000 0.0000 0.0094 0.0000 0.0000 0.0000 0.0000 0.0000 0.0000
890 0.0001 0.9080 0.0000 0.0082 0.0000 0.0474 0.0057 0.0000 0.0008 0.0007 0.0013 0.0064 0.0214 0.0000
891 0.0140 0.5337 0.0012 0.0278 0.0038 0.3292 0.0158 0.0081 0.0037 0.0053 0.0063 0.0164 0.0347 0.0000
892 0.0021 0.1136 0.0000 0.0638 0.0000 0.7250 0.0122 0.0110 0.0000 0.0050 0.0092 0.0018 0.0562 0.0000
321 0.0008 0.0504 0.0000 0.0001 0.3054 0.0199 0.0113 0.0025 0.0000 0.0034 0.0006 0.5983 0.0073 0.0000
553 0.0166 0.0811 0.0000 0.0076 0.0864 0.0096 0.0140 0.0151 0.0102 0.5659 0.0176 0.1591 0.0153 0.0016
550 0.0110 0.0474 0.0002 0.0370 0.6187 0.0071 0.0202 0.0386 0.0064 0.0204 0.0158 0.1516 0.0199 0.0056
572 0.0022 0.0341 0.0003 0.0205 0.1212 0.0070 0.0088 0.5412 0.0002 0.0037 0.0075 0.2264 0.0257 0.0013
788 0.0000 0.0000 0.0000 0.0000 0.0000 0.0000 0.0000 0.0000 0.0000 1.0000 0.0000 0.0000 0.0000 0.0000
787 0.0040 0.0000 0.0000 0.0000 0.0000 0.0000 0.0000 0.0000 0.0017 0.9927 0.0000 0.0016 0.0000 0.0000
893 0.0000 0.0000 0.0000 0.0000 0.0000 0.0000 0.0000 0.0000 0.0000 0.9950 0.0000 0.0050 0.0000 0.0000
786 0.0000 0.0000 0.0000 0.0000 0.0000 0.0000 0.0000 0.0000 0.0000 0.9987 0.0000 0.0013 0.0000 0.0000
894 0.0113 0.0648 0.0000 0.0048 0.0795 0.0050 0.0093 0.0147 0.0101 0.5550 0.0186 0.2124 0.0140 0.0006
895 0.0000 0.0799 0.0000 0.0000 0.2252 0.0056 0.0189 0.1480 0.0000 0.0057 0.0209 0.4929 0.0030 0.0000
361 0.0010 0.0183 0.0000 0.0042 0.7026 0.0032 0.0063 0.0132 0.0000 0.0002 0.0024 0.2414 0.0071 0.0000
896 0.0000 0.0631 0.0000 0.0026 0.4959 0.0058 0.0000 0.0050 0.0000 0.0239 0.0000 0.4038 0.0000 0.0000
897 0.0000 0.0468 0.0000 0.0188 0.3328 0.0108 0.0060 0.0187 0.0000 0.0000 0.0008 0.5635 0.0019 0.0000
898 0.0044 0.0543 0.0000 0.0000 0.2758 0.0144 0.0088 0.0043 0.0000 0.0065 0.0056 0.6204 0.0054 0.0000
899 0.0043 0.1958 0.0000 0.0162 0.1445 0.1583 0.0206 0.0039 0.0032 0.0126 0.0231 0.3916 0.0260 0.0000
744 0.0004 0.9939 0.0000 0.0012 0.0000 0.0000 0.0000 0.0000 0.0012 0.0000 0.0010 0.0008 0.0014 0.0000
527 0.0000 0.9954 0.0000 0.0015 0.0000 0.0000 0.0000 0.0000 0.0025 0.0004 0.0000 0.0000 0.0002 0.0000
900 0.0000 1.0000 0.0000 0.0000 0.0000 0.0000 0.0000 0.0000 0.0000 0.0000 0.0000 0.0000 0.0000 0.0000
707 0.0000 0.9958 0.0000 0.0002 0.0000 0.0000 0.0000 0.0000 0.0024 0.0005 0.0012 0.0000 0.0000 0.0000
668 0.0039 0.2423 0.0018 0.4957 0.0072 0.0107 0.0099 0.0102 0.0050 0.0017 0.0122 0.0185 0.1781 0.0029
623 0.0032 0.2229 0.0022 0.5075 0.0035 0.0092 0.0082 0.0143 0.0035 0.0031 0.0147 0.0181 0.1872 0.0026
901 0.0011 0.5090 0.0000 0.3110 0.0041 0.0093 0.0096 0.0112 0.0067 0.0014 0.0105 0.0151 0.1074 0.0036
522 0.0000 0.9913 0.0000 0.0015 0.0000 0.0000 0.0000 0.0001 0.0031 0.0007 0.0000 0.0010 0.0023 0.0000
902 0.0000 0.9472 0.0000 0.0226 0.0000 0.0000 0.0000 0.0000 0.0000 0.0000 0.0000 0.0000 0.0303 0.0000
903 0.0000 0.9633 0.0000 0.0000 0.0000 0.0000 0.0000 0.0000 0.0367 0.0000 0.0000 0.0000 0.0000 0.0000
904 0.0000 1.0000 0.0000 0.0000 0.0000 0.0000 0.0000 0.0000 0.0000 0.0000 0.0000 0.0000 0.0000 0.0000
729 0.0000 0.9806 0.0000 0.0058 0.0006 0.0010 0.0007 0.0007 0.0041 0.0002 0.0024 0.0021 0.0018 0.0000
442 0.0006 0.4678 0.0000 0.0023 0.0010 0.0000 0.0004 0.0000 0.5159 0.0031 0.0045 0.0030 0.0013 0.0000
424 0.0007 0.9892 0.0000 0.0004 0.0000 0.0002 0.0000 0.0001 0.0027 0.0002 0.0016 0.0023 0.0026 0.0000
905 0.0000 0.9383 0.0000 0.0000 0.0000 0.0000 0.0000 0.0000 0.0617 0.0000 0.0000 0.0000 0.0000 0.0000
906 0.0000 1.0000 0.0000 0.0000 0.0000 0.0000 0.0000 0.0000 0.0000 0.0000 0.0000 0.0000 0.0000 0.0000
369 0.0011 0.4269 0.0019 0.3071 0.0047 0.0054 0.0042 0.0073 0.0013 0.0015 0.0102 0.0091 0.1801 0.0393
907 0.0000 1.0000 0.0000 0.0000 0.0000 0.0000 0.0000 0.0000 0.0000 0.0000 0.0000 0.0000 0.0000 0.0000
505 0.0008 0.9546 0.0000 0.0011 0.0000 0.0076 0.0002 0.0000 0.0003 0.0196 0.0028 0.0123 0.0007 0.0000
908 0.0000 1.0000 0.0000 0.0000 0.0000 0.0000 0.0000 0.0000 0.0000 0.0000 0.0000 0.0000 0.0000 0.0000
909 0.0000 1.0000 0.0000 0.0000 0.0000 0.0000 0.0000 0.0000 0.0000 0.0000 0.0000 0.0000 0.0000 0.0000
62 0.0000 0.9768 0.0000 0.0047 0.0017 0.0012 0.0000 0.0001 0.0063 0.0002 0.0019 0.0020 0.0051 0.0000
910 0.0025 0.6889 0.0000 0.0078 0.0099 0.1668 0.0059 0.0066 0.0025 0.0129 0.0237 0.0515 0.0208 0.0001
388 0.0070 0.1504 0.0000 0.0109 0.2356 0.0315 0.0077 0.0032 0.0038 0.1352 0.0387 0.3634 0.0125 0.0000
798 0.0006 0.0278 0.0000 0.0000 0.0010 0.0069 0.0027 0.0000 0.0000 0.9477 0.0051 0.0082 0.0000 0.0000
911 0.0000 0.0890 0.0000 0.0000 0.0075 0.0409 0.0000 0.0000 0.0000 0.4422 0.0196 0.4007 0.0000 0.0000
800 0.0005 0.0271 0.0000 0.0026 0.0000 0.0017 0.0004 0.0014 0.0001 0.9369 0.0074 0.0211 0.0008 0.0000
912 0.0000 0.8099 0.0000 0.0000 0.0000 0.0000 0.0000 0.0000 0.0000 0.1093 0.0000 0.0808 0.0000 0.0000
913 0.0000 1.0000 0.0000 0.0000 0.0000 0.0000 0.0000 0.0000 0.0000 0.0000 0.0000 0.0000 0.0000 0.0000
182 0.0039 0.0964 0.0000 0.0014 0.0018 0.0130 0.0008 0.0000 0.0003 0.8156 0.0125 0.0530 0.0012 0.0000
543 0.0000 0.0494 0.0000 0.0000 0.0001 0.0046 0.0008 0.0000 0.0052 0.9005 0.0132 0.0216 0.0045 0.0000
914 0.0000 0.1904 0.0000 0.0000 0.0000 0.0291 0.0000 0.0000 0.0000 0.6814 0.0137 0.0853 0.0000 0.0000
915 0.0000 1.0000 0.0000 0.0000 0.0000 0.0000 0.0000 0.0000 0.0000 0.0000 0.0000 0.0000 0.0000 0.0000
513 0.0010 0.6771 0.0000 0.0044 0.0035 0.0286 0.0045 0.0007 0.0050 0.1729 0.0253 0.0681 0.0084 0.0006
121 0.0025 0.0844 0.0000 0.0022 0.0004 0.0226 0.0016 0.0004 0.0026 0.8310 0.0136 0.0335 0.0051 0.0000
801 0.0003 0.0212 0.0000 0.0000 0.0000 0.0000 0.0012 0.0000 0.0000 0.9642 0.0077 0.0048 0.0005 0.0000
916 0.0000 0.0180 0.0000 0.0000 0.0000 0.0000 0.0000 0.0000 0.0000 0.9662 0.0158 0.0000 0.0000 0.0000
917 0.0000 0.8453 0.0000 0.0000 0.0000 0.0000 0.0000 0.0000 0.0000 0.1161 0.0386 0.0000 0.0000 0.0000
918 0.0000 0.7748 0.0000 0.0994 0.0000 0.0891 0.0000 0.0000 0.0000 0.0000 0.0000 0.0307 0.0060 0.0000
254 0.0200 0.1264 0.0003 0.0787 0.3116 0.1731 0.0243 0.0226 0.0031 0.0201 0.0278 0.1360 0.0527 0.0032
919 0.0000 0.3049 0.0000 0.0803 0.0000 0.3856 0.0000 0.0000 0.0000 0.0000 0.0000 0.0734 0.1558 0.0000
99 0.0002 0.1298 0.0000 0.0090 0.0014 0.8049 0.0024 0.0063 0.0000 0.0030 0.0088 0.0178 0.0164 0.0000
920 0.0000 0.0000 0.0000 0.0000 0.0000 1.0000 0.0000 0.0000 0.0000 0.0000 0.0000 0.0000 0.0000 0.0000
410 0.0211 0.1851 0.0004 0.0731 0.0342 0.0824 0.0326 0.0282 0.0114 0.1136 0.0406 0.0672 0.3000 0.0101
921 0.0000 0.1169 0.0000 0.0000 0.0000 0.7024 0.0317 0.0000 0.0000 0.0000 0.1490 0.0000 0.0000 0.0000
922 0.0000 0.3125 0.0000 0.0549 0.0000 0.5021 0.0661 0.0000 0.0000 0.0000 0.0262 0.0051 0.0331 0.0000
1 0.0035 0.1033 0.0000 0.0194 0.0047 0.0968 0.0123 0.0069 0.0082 0.1477 0.5203 0.0454 0.0313 0.0001
923 0.0008 0.0997 0.0000 0.0471 0.0114 0.7442 0.0108 0.0035 0.0033 0.0065 0.0221 0.0218 0.0263 0.0025
614 0.0000 0.0000 0.0000 0.0000 0.0000 1.0000 0.0000 0.0000 0.0000 0.0000 0.0000 0.0000 0.0000 0.0000
466 0.0009 0.0015 0.0000 0.0023 0.0000 0.9936 0.0003 0.0005 0.0000 0.0003 0.0001 0.0002 0.0004 0.0000
924 0.0004 0.0019 0.0000 0.0012 0.0000 0.9918 0.0000 0.0019 0.0000 0.0000 0.0013 0.0002 0.0012 0.0000
200 0.0000 0.0000 0.0000 0.0000 0.0000 0.9960 0.0009 0.0000 0.0000 0.0000 0.0000 0.0016 0.0015 0.0000
151 0.0000 0.0012 0.0000 0.0000 0.0000 0.9948 0.0000 0.0000 0.0000 0.0006 0.0000 0.0000 0.0033 0.0000
925 0.0000 0.0000 0.0000 0.0000 0.0000 0.9948 0.0000 0.0000 0.0000 0.0000 0.0052 0.0000 0.0000 0.0000
145 0.0000 0.0000 0.0000 0.0000 0.0000 0.9996 0.0002 0.0000 0.0000 0.0000 0.0000 0.0000 0.0003 0.0000
150 0.0000 0.0000 0.0000 0.0000 0.0000 1.0000 0.0000 0.0000 0.0000 0.0000 0.0000 0.0000 0.0000 0.0000
926 0.0001 0.0035 0.0000 0.0010 0.0000 0.9875 0.0013 0.0007 0.0005 0.0000 0.0018 0.0020 0.0016 0.0000
927 0.0000 0.0073 0.0000 0.0012 0.0000 0.9851 0.0000 0.0000 0.0000 0.0000 0.0000 0.0000 0.0064 0.0000
928 0.0026 0.0540 0.0000 0.0446 0.0017 0.8493 0.0065 0.0052 0.0000 0.0001 0.0044 0.0040 0.0273 0.0004
929 0.0000 0.0767 0.0000 0.0612 0.0000 0.7745 0.0261 0.0179 0.0000 0.0000 0.0000 0.0000 0.0436 0.0000
930 0.0003 0.0877 0.0007 0.3570 0.0022 0.3938 0.0138 0.0167 0.0000 0.0000 0.0055 0.0147 0.0994 0.0082
931 0.0000 0.0000 0.0000 1.0000 0.0000 0.0000 0.0000 0.0000 0.0000 0.0000 0.0000 0.0000 0.0000 0.0000
165 0.0000 0.0000 0.0000 0.0000 0.0000 0.0000 0.0000 0.0000 0.0000 0.0000 1.0000 0.0000 0.0000 0.0000
158 0.0000 0.0000 0.0000 0.0000 0.0000 0.0000 0.0000 0.0000 0.0000 0.0000 1.0000 0.0000 0.0000 0.0000
932 0.0000 0.0000 0.0000 0.0000 0.0000 0.0000 0.0000 0.0000 0.0000 0.0000 1.0000 0.0000 0.0000 0.0000
160 0.0000 0.0001 0.0000 0.0000 0.0000 0.0000 0.0000 0.0000 0.0000 0.0000 0.9999 0.0000 0.0000 0.0000
157 0.0000 0.0000 0.0000 0.0000 0.0000 0.0000 0.0001 0.0000 0.0000 0.0000 0.9999 0.0000 0.0000 0.0000
933 0.0000 0.0006 0.0000 0.0000 0.0000 0.0000 0.0000 0.0000 0.0000 0.0000 0.9994 0.0000 0.0000 0.0000
159 0.0000 0.0000 0.0000 0.0000 0.0000 0.0000 0.0006 0.0000 0.0000 0.0000 0.9994 0.0000 0.0000 0.0000
934 0.0000 0.0000 0.0000 0.0000 0.0000 0.0000 0.0000 0.0000 0.0000 0.0000 1.0000 0.0000 0.0000 0.0000
935 0.0000 0.0082 0.0000 0.0011 0.0000 0.0000 0.0181 0.0000 0.0000 0.0000 0.9662 0.0031 0.0034 0.0000
166 0.0000 0.0000 0.0000 0.0000 0.0000 0.0000 0.0000 0.0000 0.0000 0.0000 1.0000 0.0000 0.0000 0.0000
164 0.0000 0.0000 0.0000 0.0000 0.0000 0.0000 0.0000 0.0000 0.0000 0.0000 1.0000 0.0000 0.0000 0.0000
163 0.0000 0.0000 0.0000 0.0000 0.0000 0.0000 0.0000 0.0000 0.0000 0.0000 1.0000 0.0000 0.0000 0.0000
936 0.0000 0.0021 0.0000 0.0000 0.0000 0.0000 0.0000 0.0000 0.0000 0.0000 0.9979 0.0000 0.0000 0.0000
937 0.0000 0.0000 0.0000 0.0000 0.0000 0.0000 0.0000 0.0000 0.0000 0.0000 1.0000 0.0000 0.0000 0.0000
161 0.0000 0.0026 0.0000 0.0000 0.0000 0.0000 0.0000 0.0000 0.0000 0.0000 0.9974 0.0000 0.0000 0.0000
938 0.0000 0.0067 0.0000 0.0003 0.0000 0.0000 0.0221 0.0000 0.0005 0.0000 0.9646 0.0057 0.0000 0.0000
939 0.0029 0.0308 0.0000 0.0678 0.0163 0.0021 0.3072 0.0036 0.0024 0.0078 0.4560 0.0345 0.0678 0.0009
645 0.0082 0.0128 0.0020 0.3804 0.0172 0.0073 0.3050 0.0040 0.0000 0.0005 0.0206 0.0167 0.2228 0.0025
940 0.0000 0.0103 0.0000 0.1741 0.0214 0.0016 0.4721 0.0000 0.0000 0.0000 0.1510 0.0318 0.1372 0.0005
275 0.0041 0.0151 0.0024 0.3856 0.0157 0.0108 0.3239 0.0088 0.0000 0.0001 0.0087 0.0248 0.1985 0.0014
941 0.0000 0.0000 0.0000 0.1587 0.0000 0.0000 0.7092 0.0000 0.0000 0.0000 0.0268 0.0098 0.0956 0.0000
659 0.0043 0.0082 0.0001 0.0436 0.6791 0.0012 0.1133 0.0044 0.0010 0.0011 0.0021 0.1143 0.0238 0.0035
392 0.0000 0.0040 0.0000 0.0244 0.7847 0.0000 0.0294 0.0076 0.0000 0.0000 0.0026 0.1399 0.0058 0.0016
391 0.0007 0.0000 0.0000 0.0115 0.8102 0.0011 0.0338 0.0002 0.0000 0.0000 0.0019 0.1336 0.0065 0.0005
942 0.0009 0.0084 0.0000 0.0475 0.6677 0.0000 0.1220 0.0045 0.0005 0.0018 0.0042 0.1065 0.0343 0.0017
248 0.0000 0.0001 0.0049 0.6865 0.0000 0.0000 0.0000 0.0010 0.0000 0.0000 0.0000 0.0005 0.1861 0.1210
246 0.0000 0.0006 0.0053 0.6738 0.0000 0.0053 0.0000 0.0012 0.0000 0.0000 0.0000 0.0000 0.1945 0.1193
943 0.0000 0.0003 0.0067 0.6826 0.0010 0.0000 0.0058 0.0000 0.0000 0.0000 0.0000 0.0002 0.1905 0.1129
247 0.0000 0.0000 0.0019 0.6713 0.0000 0.0006 0.0005 0.0000 0.0000 0.0000 0.0000 0.0000 0.2028 0.1228
944 0.0000 0.0000 0.0000 0.6183 0.0000 0.0000 0.0000 0.0000 0.0000 0.0000 0.0000 0.0000 0.2020 0.1797
245 0.0000 0.0000 0.0039 0.6802 0.0000 0.0000 0.0000 0.0002 0.0000 0.0000 0.0000 0.0000 0.2009 0.1148
244 0.0000 0.0000 0.0053 0.6814 0.0000 0.0000 0.0000 0.0000 0.0000 0.0000 0.0000 0.0000 0.1947 0.1186
945 0.0000 0.0000 0.0018 0.7032 0.0000 0.0000 0.0000 0.0000 0.0000 0.0000 0.0000 0.0000 0.1812 0.1139
243 0.0000 0.0000 0.0074 0.6871 0.0000 0.0000 0.0000 0.0000 0.0000 0.0000 0.0000 0.0000 0.1952 0.1102
242 0.0000 0.0000 0.0065 0.6886 0.0000 0.0000 0.0000 0.0000 0.0000 0.0000 0.0000 0.0000 0.1861 0.1188
946 0.0000 0.0000 0.0000 0.6905 0.0000 0.0000 0.0000 0.0000 0.0000 0.0000 0.0000 0.0000 0.1894 0.1201
947 0.0000 0.0000 0.0000 0.6313 0.0000 0.0000 0.0000 0.0000 0.0000 0.0000 0.0000 0.0000 0.1874 0.1813
948 0.0033 0.0125 0.0004 0.4018 0.1236 0.0015 0.1775 0.0063 0.0007 0.0016 0.0035 0.0362 0.1592 0.0717
949 0.0000 0.0094 0.0000 0.1653 0.3063 0.0000 0.3500 0.0077 0.0000 0.0000 0.0005 0.0710 0.0860 0.0037
950 0.0035 0.0087 0.0000 0.1490 0.2079 0.0007 0.4667 0.0040 0.0010 0.0000 0.0090 0.0539 0.0883 0.0072
501 0.0000 0.0000 0.0000 0.0000 0.0000 0.0000 0.9987 0.0000 0.0000 0.0000 0.0000 0.0000 0.0013 0.0000
500 0.0000 0.0000 0.0000 0.0000 0.0000 0.0000 0.9975 0.0000 0.0000 0.0000 0.0000 0.0007 0.0018 0.0000
951 0.0000 0.0000 0.0000 0.0000 0.0000 0.0000 0.9947 0.0000 0.0000 0.0000 0.0000 0.0024 0.0029 0.0000
463 0.0011 0.0001 0.0000 0.0000 0.0000 0.0000 0.9957 0.0000 0.0000 0.0000 0.0001 0.0021 0.0009 0.0000
952 0.0000 0.0006 0.0000 0.0153 0.0029 0.0000 0.9567 0.0002 0.0000 0.0000 0.0005 0.0006 0.0231 0.0000
953 0.0000 0.0000 0.0000 0.0197 0.0071 0.0000 0.9334 0.0000 0.0000 0.0000 0.0000 0.0000 0.0398 0.0000
954 0.0000 0.0000 0.0000 0.0211 0.0011 0.0000 0.9516 0.0007 0.0000 0.0000 0.0006 0.0000 0.0249 0.0000
106 0.0034 0.0052 0.0000 0.0085 0.0005 0.0016 0.9558 0.0007 0.0000 0.0001 0.0000 0.0055 0.0182 0.0005
640 0.0048 0.0141 0.0015 0.2945 0.0060 0.0086 0.4166 0.0055 0.0000 0.0007 0.0047 0.0194 0.2229 0.0008
955 0.0022 0.0051 0.0000 0.0392 0.0000 0.0001 0.8894 0.0009 0.0000 0.0000 0.0000 0.0055 0.0577 0.0000
499 0.0012 0.0007 0.0000 0.0052 0.0007 0.0009 0.9764 0.0000 0.0000 0.0000 0.0008 0.0033 0.0106 0.0000
956 0.0000 0.0000 0.0000 0.0157 0.0000 0.0000 0.9519 0.0020 0.0000 0.0000 0.0010 0.0003 0.0292 0.0000
957 0.0096 0.0365 0.0006 0.1355 0.0199 0.0123 0.4989 0.0237 0.0005 0.0014 0.0063 0.0387 0.2018 0.0142
162 0.0046 0.0707 0.0002 0.0352 0.0464 0.0326 0.0202 0.0163 0.0047 0.0094 0.4334 0.0503 0.2738 0.0021
734 0.0101 0.4733 0.0008 0.0427 0.0532 0.0576 0.0133 0.0106 0.0063 0.0105 0.0238 0.0502 0.2460 0.0016
400 0.0007 0.0033 0.0000 0.0000 0.7666 0.0011 0.0018 0.0000 0.0002 0.0000 0.0000 0.2215 0.0044 0.0005
399 0.0014 0.0063 0.0000 0.0000 0.7567 0.0067 0.0006 0.0000 0.0000 0.0000 0.0003 0.2233 0.0048 0.0000
958 0.0046 0.0324 0.0007 0.0291 0.4895 0.0544 0.0247 0.0076 0.0020 0.0036 0.0119 0.1127 0.2214 0.0053
196 0.0074 0.0142 0.0011 0.0136 0.0091 0.6118 0.0152 0.0057 0.0000 0.0003 0.0031 0.0140 0.3044 0.0000
959 0.0084 0.0139 0.0000 0.0191 0.0195 0.4297 0.0084 0.0011 0.0000 0.0088 0.0000 0.0466 0.4412 0.0033
960 0.0000 0.0399 0.0000 0.0000 0.0000 0.3084 0.0376 0.0000 0.0000 0.0000 0.0000 0.0000 0.6141 0.0000
100 0.0029 0.0069 0.0000 0.0084 0.0076 0.5712 0.0095 0.0031 0.0000 0.0009 0.0011 0.0132 0.3750 0.0003
961 0.0000 0.0000 0.0000 0.0000 0.0000 0.3536 0.0098 0.0000 0.0000 0.0000 0.0000 0.0000 0.6366 0.0000
690 0.0000 0.0050 0.0000 0.0000 0.7439 0.0000 0.0000 0.0000 0.0000 0.0000 0.0000 0.2335 0.0177 0.0000
689 0.0000 0.0135 0.0000 0.0061 0.7390 0.0000 0.0000 0.0000 0.0000 0.0000 0.0000 0.2325 0.0088 0.0000
962 0.0041 0.0293 0.0013 0.0235 0.4924 0.0296 0.0214 0.0122 0.0027 0.0012 0.0059 0.1394 0.2324 0.0045
963 0.0000 0.0000 0.0000 0.0000 0.1767 0.1258 0.0587 0.0000 0.0000 0.0000 0.0000 0.0000 0.6388 0.0000
964 0.0000 0.0000 0.0000 0.0000 0.0000 0.3582 0.0216 0.0000 0.0000 0.0000 0.0000 0.0341 0.5861 0.0000
612 0.0064 0.0346 0.0010 0.0477 0.4326 0.0267 0.0291 0.0155 0.0014 0.0037 0.0084 0.1347 0.2542 0.0038
416 0.0027 0.0070 0.0005 0.0073 0.0069 0.0095 0.0031 0.0009 0.0000 0.0015 0.0021 0.0105 0.9474 0.0006
965 0.0000 0.0117 0.0000 0.0252 0.0025 0.0000 0.0266 0.0000 0.0000 0.0000 0.0000 0.0000 0.9340 0.0000
966 0.0000 0.0000 0.0000 0.0000 0.0000 0.0000 0.0532 0.0000 0.0000 0.0000 0.0000 0.0000 0.9468 0.0000
611 0.0093 0.0268 0.0005 0.0389 0.4489 0.0277 0.0306 0.0120 0.0026 0.0066 0.0123 0.1268 0.2501 0.0069
417 0.0027 0.0097 0.0017 0.0122 0.0138 0.0171 0.0081 0.0050 0.0002 0.0001 0.0025 0.0098 0.9138 0.0035
967 0.0000 0.0000 0.0000 0.0000 0.0202 0.0562 0.0418 0.0000 0.0000 0.0000 0.0000 0.0313 0.8506 0.0000
968 0.0000 0.0000 0.0000 0.0081 0.0161 0.0314 0.0064 0.0000 0.0000 0.0000 0.0000 0.0322 0.9058 0.0000
195 0.0000 0.0000 0.0000 0.0000 0.0000 0.0000 0.0000 0.0000 0.0000 0.0000 0.0000 0.0000 0.0000 1.0000
194 0.0000 0.0000 0.0000 0.0012 0.0000 0.0000 0.0000 0.0000 0.0000 0.0000 0.0000 0.0000 0.0000 0.9988
969 0.0000 0.0000 0.0000 0.0000 0.0000 0.0000 0.0000 0.0000 0.0000 0.0000 0.0000 0.0000 0.0000 1.0000
193 0.0000 0.0000 0.0000 0.0000 0.0000 0.0000 0.0000 0.0000 0.0000 0.0000 0.0000 0.0000 0.0000 1.0000
970 0.0021 0.0030 0.0043 0.0731 0.0052 0.0046 0.0040 0.0159 0.0000 0.0002 0.0006 0.0033 0.3312 0.5524
546 0.0015 0.0099 0.0057 0.3309 0.0064 0.0118 0.0044 0.0063 0.0000 0.0006 0.0069 0.0051 0.6030 0.0074
644 0.0002 0.0056 0.0071 0.2492 0.0036 0.0036 0.0066 0.0065 0.0005 0.0000 0.0047 0.0048 0.7003 0.0072
595 0.0006 0.0042 0.0012 0.0151 0.0022 0.0036 0.0047 0.0037 0.0000 0.0000 0.0021 0.0015 0.9563 0.0047
971 0.0000 0.0000 0.0000 0.0039 0.0000 0.0000 0.0000 0.0000 0.0000 0.0000 0.0000 0.0000 0.9961 0.0000
972 0.0000 0.0000 0.1185 0.0000 0.0000 0.0000 0.0000 0.0000 0.0000 0.0000 0.0000 0.0000 0.8815 0.0000
594 0.0004 0.0006 0.0002 0.0130 0.0014 0.0035 0.0012 0.0012 0.0000 0.0001 0.0000 0.0023 0.9748 0.0013
973 0.0000 0.0000 0.0000 0.0000 0.0000 0.0000 0.0000 0.0000 0.0000 0.0000 0.0000 0.0000 1.0000 0.0000
974 0.0000 0.0000 0.0000 0.0000 0.0000 0.0000 0.0000 0.0000 0.0000 0.0000 0.0000 0.0000 1.0000 0.0000
642 0.0000 0.0056 0.0022 0.2118 0.0044 0.0023 0.0020 0.0043 0.0000 0.0000 0.0010 0.0028 0.7618 0.0019
641 0.0009 0.0032 0.0078 0.2110 0.0002 0.0063 0.0040 0.0013 0.0000 0.0000 0.0009 0.0018 0.7593 0.0032
628 0.0007 0.0023 0.0058 0.2041 0.0017 0.0056 0.0030 0.0034 0.0000 0.0000 0.0017 0.0056 0.7657 0.0003
975 0.0000 0.0000 0.0094 0.1465 0.0000 0.0161 0.0022 0.0062 0.0000 0.0000 0.0030 0.0000 0.8160 0.0006
976 0.0000 0.0000 0.0000 0.2000 0.0000 0.0000 0.0000 0.0000 0.0000 0.0000 0.0000 0.0008 0.7991 0.0000
977 0.0000 0.0000 0.0000 0.0000 0.0169 0.0000 0.0000 0.0000 0.0000 0.0000 0.0000 0.0277 0.9554 0.0000
276 0.0013 0.0082 0.0060 0.2415 0.0019 0.0045 0.0043 0.0059 0.0002 0.0003 0.0034 0.0061 0.7112 0.0052
978 0.0000 0.0001 0.0013 0.0246 0.0088 0.0017 0.0014 0.0023 0.0000 0.0000 0.0000 0.0172 0.9424 0.0002
979 0.0000 0.0066 0.0000 0.0106 0.1053 0.0052 0.0109 0.0009 0.0000 0.0000 0.0013 0.0525 0.8067 0.0000
753 0.0031 0.0059 0.0000 0.0109 0.3705 0.0013 0.0113 0.0045 0.0000 0.0007 0.0015 0.2650 0.3253 0.0000
980 0.0000 0.0070 0.0000 0.0405 0.1431 0.0041 0.0318 0.0054 0.0000 0.0000 0.0017 0.0889 0.6762 0.0014
712 0.0026 0.4775 0.0000 0.0063 0.3527 0.0000 0.0071 0.0025 0.0029 0.0007 0.0094 0.1256 0.0111 0.0016
44 0.0000 0.0113 0.0000 0.0000 0.7502 0.0000 0.0012 0.0005 0.0000 0.0000 0.0032 0.2204 0.0132 0.0000
981 0.0019 0.0040 0.0000 0.0072 0.7608 0.0000 0.0003 0.0018 0.0000 0.0000 0.0024 0.2058 0.0157 0.0000
491 0.0000 0.0007 0.0000 0.0000 0.8330 0.0000 0.0010 0.0000 0.0008 0.0000 0.0009 0.1630 0.0006 0.0000
982 0.0000 0.0000 0.0000 0.0000 0.7995 0.0000 0.0000 0.0000 0.0000 0.0000 0.0000 0.2005 0.0000 0.0000
395 0.0000 0.0004 0.0000 0.0023 0.8361 0.0000 0.0026 0.0000 0.0000 0.0000 0.0007 0.1573 0.0008 0.0000
394 0.0000 0.0008 0.0000 0.0000 0.8484 0.0000 0.0007 0.0000 0.0000 0.0000 0.0000 0.1501 0.0000 0.0000
393 0.0000 0.0000 0.0000 0.0000 0.8484 0.0000 0.0004 0.0000 0.0000 0.0000 0.0010 0.1502 0.0000 0.0000
983 0.0039 0.0000 0.0000 0.0018 0.8317 0.0000 0.0015 0.0000 0.0000 0.0000 0.0029 0.1555 0.0027 0.0000
984 0.0000 0.0023 0.0000 0.0000 0.8712 0.0000 0.0007 0.0000 0.0000 0.0000 0.0003 0.1255 0.0000 0.0000
985 0.0031 0.0081 0.0000 0.0442 0.6361 0.0009 0.0121 0.0070 0.0009 0.0003 0.0070 0.1479 0.1314 0.0011
406 0.0030 0.0172 0.0001 0.0372 0.6614 0.0032 0.0225 0.0056 0.0006 0.0001 0.0098 0.1237 0.1134 0.0022
986 0.0074 0.0103 0.0010 0.0646 0.4804 0.0026 0.0290 0.0055 0.0002 0.0011 0.0076 0.0922 0.2972 0.0009
627 0.0036 0.0080 0.0033 0.3060 0.1288 0.0073 0.0222 0.0081 0.0000 0.0000 0.0053 0.0407 0.4611 0.0056
987 0.0012 0.0128 0.0015 0.0863 0.2281 0.0055 0.0413 0.0020 0.0000 0.0016 0.0094 0.0874 0.5194 0.0037
988 0.0037 0.0234 0.0003 0.1033 0.0793 0.0062 0.0642 0.0107 0.0000 0.0010 0.0060 0.0985 0.6007 0.0028
989 0.0000 0.0806 0.0000 0.3335 0.0551 0.0000 0.0574 0.0055 0.0000 0.0000 0.0000 0.1958 0.2721 0.0000
643 0.0186 0.0691 0.0044 0.2982 0.0137 0.0140 0.0235 0.0202 0.0035 0.0029 0.0078 0.0192 0.4999 0.0051
353 0.5178 0.0378 0.0001 0.0376 0.0146 0.0181 0.0614 0.0075 0.0001 0.0059 0.0034 0.0476 0.2449 0.0032
990 0.1168 0.0340 0.0002 0.1475 0.0306 0.0114 0.0885 0.0032 0.0002 0.0005 0.0013 0.0726 0.4846 0.0086
593 0.0105 0.0126 0.0006 0.0297 0.0073 0.0084 0.0421 0.0091 0.0005 0.0013 0.0036 0.0145 0.8584 0.0014
991 0.0303 0.0155 0.0016 0.0811 0.0284 0.0085 0.0600 0.0054 0.0000 0.0016 0.0029 0.0344 0.7282 0.0019
992 0.0005 0.0437 0.0027 0.2751 0.0272 0.0169 0.0467 0.0476 0.0000 0.0000 0.0082 0.0358 0.4899 0.0059
80 0.0000 0.0435 0.0007 0.8353 0.0011 0.0089 0.0070 0.0331 0.0007 0.0008 0.0056 0.0076 0.0430 0.0128
993 0.0000 0.0379 0.0000 0.5131 0.0000 0.0000 0.0000 0.0732 0.0000 0.0000 0.0000 0.0000 0.3758 0.0000
231 0.0000 0.0015 0.0065 0.8461 0.0157 0.0007 0.0012 0.0052 0.0000 0.0012 0.0011 0.0098 0.0855 0.0254
241 0.0005 0.0114 0.0012 0.4060 0.3675 0.0015 0.0101 0.0066 0.0008 0.0010 0.0082 0.1412 0.0345 0.0096
994 0.0000 0.0043 0.0050 0.8843 0.0267 0.0000 0.0011 0.0055 0.0000 0.0000 0.0047 0.0104 0.0457 0.0124
371 0.0000 0.0012 0.0020 0.9040 0.0000 0.0000 0.0011 0.0003 0.0000 0.0000 0.0000 0.0008 0.0692 0.0215
370 0.0000 0.0007 0.0037 0.9274 0.0000 0.0000 0.0000 0.0000 0.0000 0.0000 0.0000 0.0005 0.0567 0.0108
318 0.0000 0.0000 0.0022 0.9146 0.0008 0.0000 0.0000 0.0000 0.0000 0.0000 0.0000 0.0000 0.0779 0.0045
995 0.0000 0.0000 0.0000 0.9289 0.0000 0.0000 0.0000 0.0000 0.0000 0.0000 0.0000 0.0000 0.0708 0.0003
996 0.0000 0.0028 0.0095 0.9392 0.0022 0.0059 0.0006 0.0000 0.0000 0.0000 0.0000 0.0004 0.0369 0.0025
997 0.0000 0.0000 0.0070 0.9038 0.0000 0.0000 0.0264 0.0000 0.0000 0.0000 0.0000 0.0127 0.0433 0.0069
337 0.0000 0.0000 0.0029 0.9189 0.0000 0.0002 0.0027 0.0003 0.0000 0.0000 0.0034 0.0006 0.0548 0.0162
998 0.0000 0.0042 0.0022 0.9590 0.0030 0.0004 0.0011 0.0029 0.0000 0.0000 0.0000 0.0016 0.0197 0.0060
285 0.0000 0.0032 0.0002 0.9364 0.0004 0.0015 0.0012 0.0030 0.0000 0.0000 0.0374 0.0029 0.0122 0.0016
169 0.0000 0.0325 0.0007 0.4429 0.0066 0.0036 0.0109 0.0064 0.0013 0.0010 0.4546 0.0187 0.0177 0.0031
999 0.0000 0.0143 0.0014 0.8694 0.0033 0.0027 0.0042 0.0073 0.0000 0.0000 0.0678 0.0019 0.0219 0.0058
78 0.0000 0.0000 0.0000 0.9994 0.0000 0.0006 0.0000 0.0000 0.0000 0.0000 0.0000 0.0000 0.0000 0.0000
77 0.0000 0.0000 0.0000 1.0000 0.0000 0.0000 0.0000 0.0000 0.0000 0.0000 0.0000 0.0000 0.0000 0.0000
1000 0.0000 0.0000 0.0007 0.9993 0.0000 0.0000 0.0000 0.0000 0.0000 0.0000 0.0000 0.0000 0.0000 0.0000
76 0.0000 0.0000 0.0000 0.9990 0.0000 0.0010 0.0000 0.0000 0.0000 0.0000 0.0000 0.0000 0.0000 0.0000
1001 0.0000 0.0020 0.0000 0.9833 0.0023 0.0009 0.0010 0.0006 0.0000 0.0000 0.0042 0.0002 0.0033 0.0022
749 0.0000 0.0000 0.0000 0.9914 0.0000 0.0000 0.0017 0.0038 0.0000 0.0000 0.0000 0.0000 0.0015 0.0016
347 0.0000 0.0000 0.0000 0.9995 0.0000 0.0005 0.0000 0.0000 0.0000 0.0000 0.0000 0.0000 0.0000 0.0000
346 0.0000 0.0000 0.0000 0.9996 0.0000 0.0000 0.0004 0.0000 0.0000 0.0000 0.0000 0.0000 0.0000 0.0000
1002 0.0000 0.0000 0.0000 1.0000 0.0000 0.0000 0.0000 0.0000 0.0000 0.0000 0.0000 0.0000 0.0000 0.0000
1003 0.0000 0.0068 0.0000 0.9932 0.0000 0.0000 0.0000 0.0000 0.0000 0.0000 0.0000 0.0000 0.0000 0.0000
85 0.0000 0.0000 0.0000 0.9954 0.0000 0.0000 0.0000 0.0000 0.0000 0.0000 0.0022 0.0000 0.0024 0.0000
1004 0.0000 0.0000 0.0000 0.9875 0.0013 0.0000 0.0005 0.0042 0.0000 0.0000 0.0000 0.0026 0.0038 0.0002
1005 0.0000 0.0034 0.0000 0.9757 0.0050 0.0008 0.0000 0.0020 0.0000 0.0000 0.0017 0.0000 0.0108 0.0005
286 0.0000 0.0000 0.0000 0.9923 0.0009 0.0009 0.0002 0.0018 0.0000 0.0000 0.0000 0.0007 0.0025 0.0008
1006 0.0000 0.0000 0.0000 1.0000 0.0000 0.0000 0.0000 0.0000 0.0000 0.0000 0.0000 0.0000 0.0000 0.0000
688 0.0003 0.0043 0.0013 0.4368 0.0058 0.0008 0.0033 0.0262 0.0000 0.0003 0.0018 0.0025 0.0237 0.4928
342 0.0000 0.0000 0.0000 0.9992 0.0000 0.0000 0.0000 0.0000 0.0000 0.0000 0.0000 0.0001 0.0001 0.0006
1007 0.0000 0.0000 0.0000 0.9973 0.0000 0.0000 0.0000 0.0000 0.0000 0.0000 0.0000 0.0000 0.0000 0.0027
1008 0.0000 0.0000 0.0000 1.0000 0.0000 0.0000 0.0000 0.0000 0.0000 0.0000 0.0000 0.0000 0.0000 0.0000
1009 0.0000 0.0000 0.0000 1.0000 0.0000 0.0000 0.0000 0.0000 0.0000 0.0000 0.0000 0.0000 0.0000 0.0000
341 0.0000 0.0000 0.0000 0.9989 0.0001 0.0009 0.0000 0.0000 0.0000 0.0000 0.0000 0.0000 0.0001 0.0000
1010 0.0000 0.0000 0.0000 0.9908 0.0000 0.0000 0.0000 0.0000 0.0000 0.0000 0.0000 0.0080 0.0011 0.0000
1011 0.0011 0.0526 0.0016 0.8062 0.0039 0.0097 0.0060 0.0229 0.0006 0.0028 0.0100 0.0180 0.0500 0.0147
354 0.0000 0.0266 0.0017 0.2241 0.0006 0.0009 0.0006 0.6628 0.0000 0.0000 0.0046 0.0076 0.0526 0.0181
1012 0.0000 0.0000 0.0000 0.5074 0.0000 0.0000 0.0000 0.3974 0.0000 0.0000 0.0000 0.0000 0.0952 0.0000
1013 0.0000 0.0000 0.0000 0.7879 0.0000 0.0000 0.0000 0.0552 0.0000 0.0000 0.0000 0.0000 0.1569 0.0000
